USER       UID     PID %CPU %MEM
caden     1000    2842  8.9 13.9
caden     1000    2007  8.5 10.3
root         0    8417  4.0  0.1
caden     1000    4796  3.6  8.8
caden     1000    8399  1.9  1.9
root         0    1567  1.6  1.1
caden     1000    4390  1.6  5.0
caden     1000    6309  1.3  1.7
caden     1000    4302  1.1  4.8
caden     1000    2308  0.6  0.0
caden     1000    2364  0.6  5.6
caden     1000    8192  0.6  2.4
systemd+   108     498  0.5  0.2
caden     1000    2162  0.4  0.3
caden     1000    3156  0.4  4.0
caden     1000    8264  0.4  1.9
root         0     737  0.3  1.4
caden     1000    2328  0.3  1.9
caden     1000    8311  0.3  1.9
root         0       1  0.2  0.3
root         0     729  0.2  0.3
root         0    2610  0.2  2.5
root         0    8100  0.2  0.0
root         0    8418  0.2  0.0
root         0    8419  0.2  0.1
root         0      14  0.1  0.0
root         0     147  0.1  0.0
root         0     239  0.1  0.9
message+   102     699  0.1  0.2
root         0     701  0.1  0.6
root         0     725  0.1  0.6
root         0     881  0.1  1.2
caden     1000    1810  0.1  0.3
caden     1000    1908  0.1  0.7
caden     1000    2206  0.1  0.9
caden     1000    2413  0.1  0.2
caden     1000    2561  0.1  1.8
root         0    7726  0.1  0.0
root         0    8096  0.1  0.0
root         0    8285  0.1  0.0
root         0       2  0.0  0.0
root         0       3  0.0  0.0
root         0       4  0.0  0.0
root         0       5  0.0  0.0
root         0       7  0.0  0.0
root         0      10  0.0  0.0
root         0      11  0.0  0.0
root         0      12  0.0  0.0
root         0      13  0.0  0.0
root         0      15  0.0  0.0
root         0      16  0.0  0.0
root         0      17  0.0  0.0
root         0      18  0.0  0.0
root         0      19  0.0  0.0
root         0      20  0.0  0.0
root         0      21  0.0  0.0
root         0      23  0.0  0.0
root         0      24  0.0  0.0
root         0      25  0.0  0.0
root         0      26  0.0  0.0
root         0      27  0.0  0.0
root         0      28  0.0  0.0
root         0      29  0.0  0.0
root         0      30  0.0  0.0
root         0      31  0.0  0.0
root         0      32  0.0  0.0
root         0      79  0.0  0.0
root         0      80  0.0  0.0
root         0      81  0.0  0.0
root         0      82  0.0  0.0
root         0      83  0.0  0.0
root         0      84  0.0  0.0
root         0      85  0.0  0.0
root         0      86  0.0  0.0
root         0      87  0.0  0.0
root         0      89  0.0  0.0
root         0      91  0.0  0.0
root         0      92  0.0  0.0
root         0      94  0.0  0.0
root         0      96  0.0  0.0
root         0      97  0.0  0.0
root         0      98  0.0  0.0
root         0      99  0.0  0.0
root         0     100  0.0  0.0
root         0     102  0.0  0.0
root         0     104  0.0  0.0
root         0     105  0.0  0.0
root         0     116  0.0  0.0
root         0     119  0.0  0.0
root         0     120  0.0  0.0
root         0     125  0.0  0.0
root         0     171  0.0  0.0
root         0     172  0.0  0.0
root         0     198  0.0  0.0
root         0     199  0.0  0.0
root         0     262  0.0  0.0
root         0     272  0.0  0.0
root         0     274  0.0  0.0
root         0     275  0.0  0.0
root         0     276  0.0  0.0
root         0     277  0.0  0.0
root         0     278  0.0  0.0
root         0     279  0.0  0.0
root         0     280  0.0  0.0
root         0     281  0.0  0.0
root         0     282  0.0  0.0
root         0     311  0.0  0.2
root         0     385  0.0  0.0
root         0     422  0.0  0.0
systemd+   101     502  0.0  0.4
systemd+   103     600  0.0  0.2
root         0     684  0.0  0.2
root         0     685  0.0  0.0
avahi      114     693  0.0  0.1
root         0     694  0.0  0.0
root         0     696  0.0  0.0
root         0     713  0.0  0.1
root         0     730  0.0  0.2
syslog     104     732  0.0  0.1
root         0     742  0.0  0.2
root         0     768  0.0  0.2
root         0     770  0.0  0.4
root         0     784  0.0  0.1
avahi      114     821  0.0  0.0
root         0     845  0.0  0.3
root         0     904  0.0  0.4
root         0     929  0.0  0.7
root         0     970  0.0  0.3
root         0    1031  0.0  0.3
kernoops   113    1038  0.0  0.0
kernoops   113    1046  0.0  0.0
root         0    1249  0.0  0.1
root         0    1263  0.0  0.2
rtkit      116    1323  0.0  0.0
root         0    1422  0.0  0.2
colord     122    1750  0.0  0.3
root         0    1803  0.0  0.3
caden     1000    1811  0.0  0.1
caden     1000    1817  0.0  0.1
caden     1000    1818  0.0  0.1
caden     1000    1819  0.0  0.7
caden     1000    1820  0.0  0.8
caden     1000    1829  0.0  0.2
caden     1000    1831  0.0  0.2
caden     1000    1837  0.0  0.2
caden     1000    1846  0.0  0.2
caden     1000    1859  0.0  0.2
caden     1000    1862  0.0  0.1
root         0    1868  0.0  0.0
caden     1000    1872  0.0  0.2
caden     1000    1875  0.0  0.4
caden     1000    1931  0.0  0.1
caden     1000    1938  0.0  0.3
caden     1000    1945  0.0  0.5
caden     1000    1951  0.0  0.2
caden     1000    1955  0.0  0.9
caden     1000    1964  0.0  0.4
caden     1000    1986  0.0  0.2
caden     1000    1997  0.0  0.2
caden     1000    2000  0.0  0.2
caden     1000    2011  0.0  0.2
caden     1000    2015  0.0  0.1
caden     1000    2073  0.0  0.3
caden     1000    2078  0.0  0.8
caden     1000    2085  0.0  0.5
caden     1000    2091  0.0  0.7
caden     1000    2100  0.0  0.9
caden     1000    2103  0.0  0.2
caden     1000    2112  0.0  0.7
caden     1000    2128  0.0  0.2
caden     1000    2137  0.0  0.8
caden     1000    2141  0.0  0.2
caden     1000    2158  0.0  0.0
caden     1000    2163  0.0  0.2
caden     1000    2166  0.0  0.7
caden     1000    2169  0.0  0.4
caden     1000    2173  0.0  0.2
caden     1000    2174  0.0  0.7
caden     1000    2180  0.0  0.8
caden     1000    2181  0.0  0.7
caden     1000    2182  0.0  0.3
caden     1000    2185  0.0  0.2
caden     1000    2187  0.0  0.2
caden     1000    2192  0.0  0.2
caden     1000    2200  0.0  0.2
caden     1000    2201  0.0  0.2
caden     1000    2208  0.0  0.2
caden     1000    2211  0.0  1.7
caden     1000    2212  0.0  0.2
caden     1000    2219  0.0  0.2
caden     1000    2220  0.0  0.7
caden     1000    2246  0.0  0.0
caden     1000    2247  0.0  0.1
caden     1000    2296  0.0  0.0
caden     1000    2297  0.0  0.0
caden     1000    2307  0.0  0.0
caden     1000    2315  0.0  0.4
caden     1000    2322  0.0  0.0
root         0    2323  0.0  0.0
caden     1000    2444  0.0  0.2
caden     1000    2463  0.0  2.2
caden     1000    2519  0.0  0.8
caden     1000    2521  0.0  0.8
caden     1000    2538  0.0  0.8
caden     1000    3135  0.0  1.2
caden     1000    3157  0.0  0.9
caden     1000    3225  0.0  0.8
caden     1000    6263  0.0  1.3
caden     1000    6329  0.0  0.2
caden     1000    6554  0.0  0.1
root         0    7174  0.0  0.0
caden     1000    7728  0.0  0.1
caden     1000    7770  0.0  0.1
root         0    7776  0.0  0.0
caden     1000    7801  0.0  0.1
root         0    7862  0.0  0.0
root         0    7968  0.0  0.0
root         0    7999  0.0  0.0
caden     1000    8049  0.0  0.1
root         0    8299  0.0  0.0
root         0    8300  0.0  0.0
root         0    8420  0.0  0.1
caden     1000    8421  0.0  0.0
caden     1000    8422  0.0  0.1
caden     1000    8424  0.0  0.1
